Sample	0	1	2	3	4	5	6	7	8	9	10	11	12	13	14	15
ERR8774458_1	(1.0, 71.2186371460012)	(2.0, 20.623349634164896)	(3.0, 5.798566528990818)	(4.0, 1.5779975275622249)	(5.0, 0.45247271955860074)	(6.0, 0.1440032714963049)	(7.0, 0.06820093073034182)	(8.0, 0.03432459267278151)	(9.0, 0.028616664708072632)	('>10', 0.05383098411474907)	('>50', 0.0)	('>100', 0.0)	('>500', 0.0)	('>1k', 0.0)	('>5k', 0.0)	('>10k+', 0.0)
ERR8774458_2	(1.0, 64.54669572907831)	(2.0, 22.841293862413057)	(3.0, 6.9495173038963465)	(4.0, 2.115156463955386)	(5.0, 0.9497264971682488)	(6.0, 0.46455896186025425)	(7.0, 0.3154276716967649)	(8.0, 0.21604369807909285)	(9.0, 0.14413827455881947)	('>10', 1.2732118422998528)	('>50', 0.10574917510477741)	('>100', 0.0784805198890801)	('>500', 0.0)	('>1k', 0.0)	('>5k', 0.0)	('>10k+', 0.0)
ERR8774464_1	(1.0, 68.00678495567482)	(2.0, 20.507915125752753)	(3.0, 6.982023446111782)	(4.0, 2.485782637852261)	(5.0, 1.0388920026071202)	(6.0, 0.42539886885500316)	(7.0, 0.2193422079208209)	(8.0, 0.09295969801297319)	(9.0, 0.06820575922272172)	('>10', 0.17269529798971012)	('>50', 0.0)	('>100', 0.0)	('>500', 0.0)	('>1k', 0.0)	('>5k', 0.0)	('>10k+', 0.0)
ERR8774464_2	(1.0, 63.557037736488)	(2.0, 22.15371122706082)	(3.0, 7.744313240315778)	(4.0, 2.8178117111222925)	(5.0, 1.2849713637699345)	(6.0, 0.6740981867028839)	(7.0, 0.39096874476731436)	(8.0, 0.254973058434583)	(9.0, 0.1609972040619629)	('>10', 0.8897418626152638)	('>50', 0.04749955736744359)	('>100', 0.02387610729374159)	('>500', 0.0)	('>1k', 0.0)	('>5k', 0.0)	('>10k+', 0.0)
ERR8774480_1	(1.0, 66.66375068484534)	(2.0, 22.36077681322481)	(3.0, 7.088198877946512)	(4.0, 2.2143449544588143)	(5.0, 0.7654052331039923)	(6.0, 0.30175371486802754)	(7.0, 0.12527995545300355)	(8.0, 0.09025686515631468)	(9.0, 0.056783898751082036)	('>10', 0.32350801645509564)	('>50', 0.009940985736971289)	('>100', 0.0)	('>500', 0.0)	('>1k', 0.0)	('>5k', 0.0)	('>10k+', 0.0)
ERR8774480_2	(1.0, 66.74677865233423)	(2.0, 22.65011994940741)	(3.0, 6.819025086141253)	(4.0, 2.204678015981404)	(5.0, 0.6997431327950713)	(6.0, 0.25587733450999833)	(7.0, 0.14695809174737168)	(8.0, 0.06581666396198874)	(9.0, 0.05843949820491675)	('>10', 0.33585006413713775)	('>50', 0.016713510779183947)	('>100', 0.0)	('>500', 0.0)	('>1k', 0.0)	('>5k', 0.0)	('>10k+', 0.0)
ERR8774482_1	(1.0, 64.33999505161871)	(2.0, 23.495519662644735)	(3.0, 7.681002826633114)	(4.0, 2.5771786641143373)	(5.0, 0.8930114213731685)	(6.0, 0.3505546824861112)	(7.0, 0.1452157297414618)	(8.0, 0.08272601180438607)	(9.0, 0.06710766890838518)	('>10', 0.3336427807751125)	('>50', 0.03404549990046223)	('>100', 0.0)	('>500', 0.0)	('>1k', 0.0)	('>5k', 0.0)	('>10k+', 0.0)
ERR8774482_2	(1.0, 64.3219971576245)	(2.0, 23.655753110051787)	(3.0, 7.539620703578047)	(4.0, 2.5562776743991638)	(5.0, 0.9129459755961414)	(6.0, 0.3202698027473325)	(7.0, 0.14104019918952218)	(8.0, 0.09898636780145849)	(9.0, 0.057750658312465175)	('>10', 0.380589314897654)	('>50', 0.014769035801867484)	('>100', 0.0)	('>500', 0.0)	('>1k', 0.0)	('>5k', 0.0)	('>10k+', 0.0)
ERR8774487_1	(1.0, 68.33632834524998)	(2.0, 22.435075300722314)	(3.0, 6.450108204319014)	(4.0, 1.768570395514887)	(5.0, 0.5254054286029338)	(6.0, 0.17818472379379607)	(7.0, 0.08103770738869191)	(8.0, 0.05596725003312109)	(9.0, 0.03387143579720237)	('>10', 0.1130758448714869)	('>50', 0.022375363706558665)	('>100', 0.0)	('>500', 0.0)	('>1k', 0.0)	('>5k', 0.0)	('>10k+', 0.0)
ERR8774487_2	(1.0, 68.13655815203907)	(2.0, 22.374269004546264)	(3.0, 6.537835920268839)	(4.0, 1.8335213521914688)	(5.0, 0.5637988553547421)	(6.0, 0.19759001678208032)	(7.0, 0.08912107001732095)	(8.0, 0.05770698646403768)	(9.0, 0.028223431097344282)	('>10', 0.15934158519116995)	('>50', 0.02203362604768018)	('>100', 0.0)	('>500', 0.0)	('>1k', 0.0)	('>5k', 0.0)	('>10k+', 0.0)
ERR8774512_1	(1.0, 63.520941550237296)	(2.0, 23.395426114262673)	(3.0, 8.040583138373691)	(4.0, 2.911508232451068)	(5.0, 1.1557850186485357)	(6.0, 0.411978674762992)	(7.0, 0.1893200289467817)	(8.0, 0.08824718485796115)	(9.0, 0.06909553910199429)	('>10', 0.1977193087893289)	('>50', 0.019395209567677)	('>100', 0.0)	('>500', 0.0)	('>1k', 0.0)	('>5k', 0.0)	('>10k+', 0.0)
ERR8774512_2	(1.0, 63.77706963509042)	(2.0, 23.590755322423014)	(3.0, 7.949246955157184)	(4.0, 2.679137786490524)	(5.0, 1.045754948164187)	(6.0, 0.40213276025474864)	(7.0, 0.17879098121080245)	(8.0, 0.10233610418439484)	(9.0, 0.04266859401067151)	('>10', 0.19907303410058177)	('>50', 0.03303387891345268)	('>100', 0.0)	('>500', 0.0)	('>1k', 0.0)	('>5k', 0.0)	('>10k+', 0.0)
ERR8774514_1	(1.0, 60.9403312006906)	(2.0, 24.520662603477135)	(3.0, 8.777984183557875)	(4.0, 3.3302776399916865)	(5.0, 1.2180607028522517)	(6.0, 0.5357668615398379)	(7.0, 0.23649989703955657)	(8.0, 0.1129054689110333)	(9.0, 0.07256002097990169)	('>10', 0.22775827707040958)	('>50', 0.027193143889747164)	('>100', 0.0)	('>500', 0.0)	('>1k', 0.0)	('>5k', 0.0)	('>10k+', 0.0)
ERR8774514_2	(1.0, 61.344694029248735)	(2.0, 24.210941175891193)	(3.0, 8.767926814488126)	(4.0, 3.2401061223552956)	(5.0, 1.2232170443563535)	(6.0, 0.5434044043698937)	(7.0, 0.19759025750411482)	(8.0, 0.14696983589291154)	(9.0, 0.06404898796673271)	('>10', 0.2407672377123208)	('>50', 0.02033409021432107)	('>100', 0.0)	('>500', 0.0)	('>1k', 0.0)	('>5k', 0.0)	('>10k+', 0.0)
ERR8774522_1	(1.0, 63.486253539812175)	(2.0, 22.60079516190449)	(3.0, 8.201866305366233)	(4.0, 3.1393445041978363)	(5.0, 1.254216440948372)	(6.0, 0.5797479644902649)	(7.0, 0.2536147470519369)	(8.0, 0.13939111989862632)	(9.0, 0.06788109945563055)	('>10', 0.24825132544213174)	('>50', 0.028637791432330213)	('>100', 0.0)	('>500', 0.0)	('>1k', 0.0)	('>5k', 0.0)	('>10k+', 0.0)
ERR8774522_2	(1.0, 62.48645242643097)	(2.0, 23.435482821673016)	(3.0, 8.35654621398342)	(4.0, 3.0951362099121726)	(5.0, 1.229026157810686)	(6.0, 0.5512019894603734)	(7.0, 0.2574744469918113)	(8.0, 0.1596957641118383)	(9.0, 0.09052109726247305)	('>10', 0.3205998236731111)	('>50', 0.017863048690095393)	('>100', 0.0)	('>500', 0.0)	('>1k', 0.0)	('>5k', 0.0)	('>10k+', 0.0)
ERR8774524_1	(1.0, 61.99600432642757)	(2.0, 22.993544837973857)	(3.0, 8.746234211221577)	(4.0, 3.4327631038399553)	(5.0, 1.4380474086483197)	(6.0, 0.5728524097218066)	(7.0, 0.2722202212184916)	(8.0, 0.18082954896963782)	(9.0, 0.0715001363932494)	('>10', 0.27871118555119656)	('>50', 0.01729261003439665)	('>100', 0.0)	('>500', 0.0)	('>1k', 0.0)	('>5k', 0.0)	('>10k+', 0.0)
ERR8774524_2	(1.0, 60.27880517668327)	(2.0, 23.997991746086207)	(3.0, 9.009524672831214)	(4.0, 3.578719890202004)	(5.0, 1.4615779689288333)	(6.0, 0.6921057456575894)	(7.0, 0.3363879518227234)	(8.0, 0.16217000599124393)	(9.0, 0.10027234145425343)	('>10', 0.3605103931493817)	('>50', 0.021934107193282898)	('>100', 0.0)	('>500', 0.0)	('>1k', 0.0)	('>5k', 0.0)	('>10k+', 0.0)
ERR8774534_1	(1.0, 57.70547404467715)	(2.0, 23.919306403837066)	(3.0, 9.907497552189469)	(4.0, 4.2741286990042395)	(5.0, 1.8455450021914752)	(6.0, 0.9271546527019734)	(7.0, 0.5181488497092757)	(8.0, 0.2539557872782281)	(9.0, 0.18226206298315895)	('>10', 0.4174730969525255)	('>50', 0.0235540881359383)	('>100', 0.02549976033944178)	('>500', 0.0)	('>1k', 0.0)	('>5k', 0.0)	('>10k+', 0.0)
ERR8774534_2	(1.0, 58.520474460234986)	(2.0, 23.636791500809977)	(3.0, 9.813643546562306)	(4.0, 3.9938210887695766)	(5.0, 1.8675656635408977)	(6.0, 0.912773374651179)	(7.0, 0.4251043051825011)	(8.0, 0.2453829437035856)	(9.0, 0.13552104829358314)	('>10', 0.396342239622882)	('>50', 0.02910727734535252)	('>100', 0.02347255128313914)	('>500', 0.0)	('>1k', 0.0)	('>5k', 0.0)	('>10k+', 0.0)
