Sample	0	1	2	3	4	5	6	7	8	9	10	11	12	13	14	15	16	17	18	19	20	21	22	23	24
ERR8774458_1	(30, 7.0)	(35, 15.0)	(40, 11.0)	(45, 23.0)	(50, 36.0)	(55, 17.0)	(60, 34.0)	(65, 27.0)	(70, 29.0)	(75, 41.0)	(80, 42.0)	(85, 64.0)	(90, 55.0)	(95, 63.0)	(100, 81.0)	(105, 90.0)	(110, 76.0)	(115, 116.0)	(120, 113.0)	(125, 132.0)	(130, 145.0)	(135, 194.0)	(140, 227.0)	(145, 228.0)	(150, 399753.0)
ERR8774458_2	(30, 7.0)	(35, 15.0)	(40, 11.0)	(45, 23.0)	(50, 36.0)	(55, 17.0)	(60, 34.0)	(65, 27.0)	(70, 29.0)	(75, 41.0)	(80, 42.0)	(85, 64.0)	(90, 55.0)	(95, 63.0)	(100, 81.0)	(105, 90.0)	(110, 76.0)	(115, 116.0)	(120, 113.0)	(125, 132.0)	(130, 145.0)	(135, 194.0)	(140, 227.0)	(145, 228.0)	(150, 399753.0)
ERR8774464_1	(30, 22.0)	(35, 29.0)	(40, 30.0)	(45, 18.0)	(50, 32.0)	(55, 29.0)	(60, 30.0)	(65, 22.0)	(70, 32.0)	(75, 30.0)	(80, 38.0)	(85, 36.0)	(90, 34.0)	(95, 45.0)	(100, 62.0)	(105, 48.0)	(110, 56.0)	(115, 62.0)	(120, 73.0)	(125, 72.0)	(130, 76.0)	(135, 96.0)	(140, 117.0)	(145, 128.0)	(150, 707150.0)
ERR8774464_2	(30, 22.0)	(35, 29.0)	(40, 30.0)	(45, 18.0)	(50, 32.0)	(55, 29.0)	(60, 30.0)	(65, 22.0)	(70, 32.0)	(75, 30.0)	(80, 38.0)	(85, 36.0)	(90, 34.0)	(95, 45.0)	(100, 62.0)	(105, 48.0)	(110, 56.0)	(115, 62.0)	(120, 73.0)	(125, 72.0)	(130, 76.0)	(135, 96.0)	(140, 117.0)	(145, 128.0)	(150, 707150.0)
ERR8774480_1	(30, 17.0)	(35, 45.0)	(40, 33.0)	(45, 65.0)	(50, 47.0)	(55, 37.0)	(60, 44.0)	(65, 61.0)	(70, 68.0)	(75, 59.0)	(80, 78.0)	(85, 93.0)	(90, 94.0)	(95, 90.0)	(100, 116.0)	(105, 114.0)	(110, 139.0)	(115, 146.0)	(120, 174.0)	(125, 188.0)	(130, 220.0)	(135, 261.0)	(140, 284.0)	(145, 320.0)	(150, 729232.0)
ERR8774480_2	(30, 17.0)	(35, 45.0)	(40, 33.0)	(45, 65.0)	(50, 47.0)	(55, 37.0)	(60, 44.0)	(65, 61.0)	(70, 68.0)	(75, 59.0)	(80, 78.0)	(85, 93.0)	(90, 94.0)	(95, 90.0)	(100, 116.0)	(105, 114.0)	(110, 139.0)	(115, 146.0)	(120, 174.0)	(125, 188.0)	(130, 220.0)	(135, 261.0)	(140, 284.0)	(145, 320.0)	(150, 729232.0)
ERR8774482_1	(30, 23.0)	(35, 52.0)	(40, 40.0)	(45, 52.0)	(50, 66.0)	(55, 60.0)	(60, 63.0)	(65, 68.0)	(70, 67.0)	(75, 80.0)	(80, 97.0)	(85, 95.0)	(90, 113.0)	(95, 100.0)	(100, 142.0)	(105, 136.0)	(110, 138.0)	(115, 172.0)	(120, 183.0)	(125, 186.0)	(130, 246.0)	(135, 264.0)	(140, 293.0)	(145, 372.0)	(150, 796421.0)
ERR8774482_2	(30, 23.0)	(35, 52.0)	(40, 40.0)	(45, 52.0)	(50, 66.0)	(55, 60.0)	(60, 63.0)	(65, 68.0)	(70, 67.0)	(75, 80.0)	(80, 97.0)	(85, 95.0)	(90, 113.0)	(95, 100.0)	(100, 142.0)	(105, 136.0)	(110, 138.0)	(115, 172.0)	(120, 183.0)	(125, 186.0)	(130, 246.0)	(135, 264.0)	(140, 293.0)	(145, 372.0)	(150, 796421.0)
ERR8774487_1	(30, 16.0)	(35, 28.0)	(40, 45.0)	(45, 44.0)	(50, 43.0)	(55, 53.0)	(60, 55.0)	(65, 57.0)	(70, 54.0)	(75, 63.0)	(80, 63.0)	(85, 88.0)	(90, 76.0)	(95, 83.0)	(100, 89.0)	(105, 106.0)	(110, 123.0)	(115, 137.0)	(120, 145.0)	(125, 145.0)	(130, 156.0)	(135, 220.0)	(140, 208.0)	(145, 263.0)	(150, 552533.0)
ERR8774487_2	(30, 16.0)	(35, 28.0)	(40, 45.0)	(45, 44.0)	(50, 43.0)	(55, 53.0)	(60, 55.0)	(65, 57.0)	(70, 54.0)	(75, 63.0)	(80, 63.0)	(85, 88.0)	(90, 76.0)	(95, 83.0)	(100, 89.0)	(105, 106.0)	(110, 123.0)	(115, 137.0)	(120, 145.0)	(125, 145.0)	(130, 156.0)	(135, 220.0)	(140, 208.0)	(145, 263.0)	(150, 552533.0)
ERR8774512_1	(30, 32.0)	(35, 50.0)	(40, 89.0)	(45, 90.0)	(50, 95.0)	(55, 109.0)	(60, 97.0)	(65, 108.0)	(70, 118.0)	(75, 153.0)	(80, 146.0)	(85, 186.0)	(90, 204.0)	(95, 223.0)	(100, 247.0)	(105, 298.0)	(110, 328.0)	(115, 382.0)	(120, 421.0)	(125, 480.0)	(130, 522.0)	(135, 632.0)	(140, 748.0)	(145, 822.0)	(150, 916426.0)
ERR8774512_2	(30, 32.0)	(35, 50.0)	(40, 89.0)	(45, 90.0)	(50, 95.0)	(55, 109.0)	(60, 97.0)	(65, 108.0)	(70, 118.0)	(75, 153.0)	(80, 146.0)	(85, 186.0)	(90, 204.0)	(95, 223.0)	(100, 247.0)	(105, 298.0)	(110, 328.0)	(115, 382.0)	(120, 421.0)	(125, 480.0)	(130, 522.0)	(135, 632.0)	(140, 748.0)	(145, 822.0)	(150, 916426.0)
ERR8774514_1	(30, 45.0)	(35, 89.0)	(40, 89.0)	(45, 105.0)	(50, 108.0)	(55, 113.0)	(60, 112.0)	(65, 129.0)	(70, 113.0)	(75, 155.0)	(80, 163.0)	(85, 180.0)	(90, 208.0)	(95, 236.0)	(100, 292.0)	(105, 368.0)	(110, 326.0)	(115, 393.0)	(120, 491.0)	(125, 567.0)	(130, 575.0)	(135, 665.0)	(140, 814.0)	(145, 961.0)	(150, 1002743.0)
ERR8774514_2	(30, 45.0)	(35, 89.0)	(40, 89.0)	(45, 105.0)	(50, 108.0)	(55, 113.0)	(60, 112.0)	(65, 129.0)	(70, 113.0)	(75, 155.0)	(80, 163.0)	(85, 180.0)	(90, 208.0)	(95, 236.0)	(100, 292.0)	(105, 368.0)	(110, 326.0)	(115, 393.0)	(120, 491.0)	(125, 567.0)	(130, 575.0)	(135, 665.0)	(140, 814.0)	(145, 961.0)	(150, 1002743.0)
ERR8774522_1	(30, 28.0)	(35, 61.0)	(40, 61.0)	(45, 64.0)	(50, 64.0)	(55, 59.0)	(60, 89.0)	(65, 70.0)	(70, 81.0)	(75, 109.0)	(80, 122.0)	(85, 129.0)	(90, 137.0)	(95, 141.0)	(100, 164.0)	(105, 213.0)	(110, 215.0)	(115, 248.0)	(120, 304.0)	(125, 333.0)	(130, 386.0)	(135, 421.0)	(140, 535.0)	(145, 570.0)	(150, 998113.0)
ERR8774522_2	(30, 28.0)	(35, 61.0)	(40, 61.0)	(45, 64.0)	(50, 64.0)	(55, 59.0)	(60, 89.0)	(65, 70.0)	(70, 81.0)	(75, 109.0)	(80, 122.0)	(85, 129.0)	(90, 137.0)	(95, 141.0)	(100, 164.0)	(105, 213.0)	(110, 215.0)	(115, 248.0)	(120, 304.0)	(125, 333.0)	(130, 386.0)	(135, 421.0)	(140, 535.0)	(145, 570.0)	(150, 998113.0)
ERR8774524_1	(30, 28.0)	(35, 58.0)	(40, 64.0)	(45, 62.0)	(50, 70.0)	(55, 70.0)	(60, 72.0)	(65, 75.0)	(70, 102.0)	(75, 100.0)	(80, 112.0)	(85, 136.0)	(90, 158.0)	(95, 131.0)	(100, 188.0)	(105, 209.0)	(110, 252.0)	(115, 246.0)	(120, 318.0)	(125, 375.0)	(130, 429.0)	(135, 491.0)	(140, 565.0)	(145, 682.0)	(150, 1092139.0)
ERR8774524_2	(30, 28.0)	(35, 58.0)	(40, 64.0)	(45, 62.0)	(50, 70.0)	(55, 70.0)	(60, 72.0)	(65, 75.0)	(70, 102.0)	(75, 100.0)	(80, 112.0)	(85, 136.0)	(90, 158.0)	(95, 131.0)	(100, 188.0)	(105, 209.0)	(110, 252.0)	(115, 246.0)	(120, 318.0)	(125, 375.0)	(130, 429.0)	(135, 491.0)	(140, 565.0)	(145, 682.0)	(150, 1092139.0)
ERR8774534_1	(30, 41.0)	(35, 56.0)	(40, 52.0)	(45, 54.0)	(50, 40.0)	(55, 48.0)	(60, 40.0)	(65, 64.0)	(70, 69.0)	(75, 62.0)	(80, 77.0)	(85, 65.0)	(90, 95.0)	(95, 94.0)	(100, 94.0)	(105, 116.0)	(110, 162.0)	(115, 138.0)	(120, 133.0)	(125, 157.0)	(130, 164.0)	(135, 232.0)	(140, 229.0)	(145, 264.0)	(150, 1325378.0)
ERR8774534_2	(30, 41.0)	(35, 56.0)	(40, 52.0)	(45, 54.0)	(50, 40.0)	(55, 48.0)	(60, 40.0)	(65, 64.0)	(70, 69.0)	(75, 62.0)	(80, 77.0)	(85, 65.0)	(90, 95.0)	(95, 94.0)	(100, 94.0)	(105, 116.0)	(110, 162.0)	(115, 138.0)	(120, 133.0)	(125, 157.0)	(130, 164.0)	(135, 232.0)	(140, 229.0)	(145, 264.0)	(150, 1325378.0)
